228
594
409
330
664
53
274
242
603
587
502
771
877
113
655
357
254
417
110
382
42
607
610
355
530
260
3
364
182
560
249
151
118
125
192
881
844
350
165
621
642
188
624
91
257
782
882
909
564
489
687
351
681
361
422
843
295
731
272
582
261
70
946
292
86
463
770
88
943
268
465
273
196
921
387
287
740
80
475
169
568
609
806
243
553
505
784
474
476
950
601
428
674
124
526
726
234
358
845
367
733
958
950
720
524
704
244
255
860
248
738
32
873
44
316
584
588
825
566
367
832
811
653
324
244
276
327
212
752
460
711
115
713
925
266
643
958
907
743
510
137
742
591
268
264
323
528
156
753
593
632
556
774
740
700
370
302
926
643
287
903
831
940
391
668
340
499
42
889
335
800
563
343
62
486
728
534
372
202
110
643
372
238
729
897
739
806
687
885
183
933
78
395
752
197
375
232
699
706
713
539
724
949
405
325
99
510
51
861
303
375
242
412
266
279
287
936
633
366
939
188
827
542
223
816
5
706
720
526
836
589
201
107
447
282
940
206
740
873
585
68
37
105
600
689
76
344
751
310
819
106
335
11
908
256
432
315
740
387
510
238
630
619
361
696
795
637
572
72
624
770
493
872
787
561
822
258
509
957
26
226
545
10
816
753
18
706
770
267
49
624
192
540
894
149
588
567
851
683
875
239
327
762
604
869
348
85
879
397
583
819
694
171
116
905
606
97
676
569
214
717
800
568
365
478
399
181
113
508
229
806
349
6
484
602
566
136
408
468
502
820
456
765
381
479
161
141
528
532
613
70
839
681
823
737
629
473
561
687
954
646
814
206
43
103
829
537
136
779
421
705
620
281
338
392
402
579
93
490
89
814
739
98
690
508
565
345
200
546
400
516
135
125
135
937
661
503
62
783
635
93
11
719
544
15
49
656
63
34
280
496
133
687
111
392
941
402
479
212
886
22
492
81
481
567
184
63
707
686
335
218
383
446
304
197
203
334
450
595
666
393
723
428
283
527
691
710
187
559
767
225
159
717
930
776
925
868
118
507
589
573
782
611
789
403
161
708
573
108
294
925
736
420
873
205
51
610
194
455
898
265
595
611
583
150
188
296
128
395
144
796
637
744
532
796
367
631
450
941
562
260
212
162
565
854
584
600
836
404
512
130
68
68
221
375
533
796
717
570
679
36
17
765
483
27
577
473
9
957
282
57
105
618
396
864
787
284
474
924
152
754
228
835
484
566
612
570
318
320
773
748
726
828
593
502
509
661
459
900
925
417
32
207
567
264
30
952
115
741
831
835
489
916
120
725
90
244
209
448
123
594
610
951
840
611
323
839
2
607
486
61
793
343
211
679
549
80
202
289
196
852
236
677
650
275
757
378
46
307
831
834
370
145
95
38
643
752
585
325
294
311
595
631
227
313
867
337
766
883
914
42
117
621
297
741
803
232
27
120
488
30
475
120
780
101
456
695
694
528
339
271
594
15
633
84
382
890
929
944
121
634
461
169
601
925
862
530
653
555
465
302
444
472
273
446
85
926
240
631
885
734
111
954
718
353
840
343
149
8
252
681
670
864
259
42
600
385
496
542
420
794
383
263
317
448
908
956
788
743
810
495
525
408
98
940
262
559
327
918
187
590
257
877
664
263
259
469
440
808
898
434
649
191
916
725
157
70
294
93
71
893
656
578
455
766
525
594
255
295
913
103
943
679
361
99
327
2
476
761
681
496
718
944
691
838
481
34
893
198
346
899
528
670
117
661
598
308
16
193
65
177
541
71
426
95
930
959
183
818
362
151
700
701
942
907
57
894
27
792
346
625
489
146
811
497
819
485
417
875
293
626
665
84
45
66
165
684
33
218
266
518
492
118
48
732
377
589
391
457
268
453
281
907
291
701
892
542
71
565
578
635
289
137
895
218
731
876
16
824
723
429
885
849
362
514
54
62
130
732
132
797
755
64
131
669
38
99
653
238
698
889
44
938
609
845
468
900
678
868
502
615
40
86
681
293
285
960
832
824
897
11
548
362
515
901
933
891
218
372
355
810
467
944
533
677
204
833
655
371
643
169
514
684
99
330
317
388
500
487
565
474
819
785
302
109
2
430
405
812
430
567
512
909
916
230
879
270
260
35
582
237
342
59
675
863
646
462
230
798
747
828
470
55
763
442
496
388
43
38
719
229
774
811
148
182
93
630
261
49
954
747
330
428
476
100
371
857
316
714
162
7
139
259
791
327
34
416
28
215
16
53
639
871
11
346
106
605
290
60
312
1
282
703
722
442
421
366
225
18
684
816
64
502
756
719
227
129
565
405
708
376
502
406
680
485
505
726
519
783
906
474
491
645
751
761
82
147
918
257
128
288
392
108
283
923
465
412
818
352
844
645
885
64
648
250
350
808
643
687
552
317
547
751
881
513
398
824
401
349
582
923
607
835
684
403
449
441
808
667
218
553
563
135
466
771
592
385
666
795
571
497
171
43
11
303
938
671
61
152
349
174
411
214
2
210
317
878
702
206
326
83
727
884
337
308
417
58
795
274
272
383
254
693
569
213
554
736
13
343
166
599
685
292
324
481
134
393
466
537
607
23
908
313
636
237
835
875
168
846
424
602
953
147
788
38
269
34
471
167
582
429
638
960
528
82
638
782
149
120
766
719
473
369
309
724
14
160
958
419
552
734
467
83
104
545
40
401
910
98
708
778
669
242
8
464
401
673
300
391
109
324
724
726
215
203
156
728
657
585
417
175
923
822
908
306
614
61
718
560
653
108
491
513
331
214
55
697
565
415
17
156
800
98
613
426
794
397
318
38
55
84
287
159
912
285
346
423
952
921
810
725
286
832
11
335
406
324
841
298
720
853
59
880
365
952
489
517
205
817
295
476
742
839
574
356
482
302
431
437
479
84
340
675
925
631
528
814
725
457
376
788
130
569
373
937
234
545
574
890
76
291
524
698
945
920
78
850
787
534
9
637
249
705
389
766
910
511
32
173
153
948
464
268
8
165
228
793
544
857
894
88
60
883
443
906
308
601
696
892
168
719
312
661
384
548
779
405
898
787
838
164
952
154
272
376
188
905
842
588
170
82
813
604
808
173
928
492
372
721
117
437
168
235
369
512
496
496
492
477
88
598
97
134
484
278
700
320
118
231
503
102
6
580
746
576
931
767
550
3
237
780
674
65
844
509
76
667
674
249
390
891
212
491
898
703
473
326
596
265
695
895
812
204
388
861
20
347
759
64
574
447
329
313
896
807
684
462
827
455
267
702
306
494
424
93
712
892
301
805
647
437
364
287
512
407
439
425
959
611
791
594
220
76
944
737
949
706
326
938
931
133
892
825
383
590
59
566
955
737
636
381
117
521
118
85
222
504
339
299
294
60
500
385
512
86
705
725
110
83
121
179
49
378
739
224
747
840
865
680
947
434
360
534
483
229
64
465
302
520
654
605
723
588
102
814
416
94
370
210
120
623
3
441
563
479
333
5
22
137
136
215
428
860
142
557
409
463
122
79
820
52
347
416
677
629
746
37
8
938
213
959
774
661
616
409
788
686
204
667
947
646
721
676
872
426
288
649
380
401
866
596
532
550
483
874
625
736
541
484
240
917
385
758
674
100
417
934
276
581
809
364
273
412
557
6
319
810
853
532
16
466
150
920
514
938
167
893
587
75
90
820
600
465
954
458
142
869
307
331
928
280
722
443
574
714
74
186
311
475
26
434
436
934
295
683
225
299
11
486
596
584
147
637
401
19
302
339
810
172
828
817
54
954
562
357
875
450
511
427
562
409
537
747
583
438
460
522
306
590
269
87
956
586
764
618
773
254
171
664
35
678
591
688
610
862
146
199
692
12
577
717
4
371
319
666
509
280
874
738
570
622
238
920
420
218
128
632
174
382
335
333
759
162
296
522
409
476
788
78
891
452
262
402
727
507
451
174
599
678
694
880
852
887
386
915
102
927
21
759
213
476
815
512
403
537
409
293
212
344
510
425
897
335
633
543
805
632
233
933
248
493
613
951
411
128
614
552
551
711
932
9
357
502
729
18
130
754
225
288
251
376
474
867
761
583
122
241
108
777
740
789
539
863
404
802
769
367
947
657
52
479
495
617
663
377
658
629
929
56
575
77
138
717
451
412
306
81
583
659
559
537
591
281
299
533
285
859
48
487
458
345
616
607
760
958
199
354
803
218
501
938
863
668
515
269
853
5
122
345
901
459
377
705
812
480
217
816
543
755
882
560
185
497
489
42
639
662
133
130
201
680
368
110
784
134
128
237
510
433
111
612
141
1
104
686
170
935
356
898
720
912
913
295
214
958
675
807
511
179
363
814
957
28
331
572
528
414
780
803
50
199
7
66
58
763
820
238
333
243
102
108
93
250
637
372
843
383
532
231
841
811
400
522
389
873
725
775
359
459
564
474
567
733
573
215
3
101
851
891
886
139
224
572
507
806
845
223
765
613
915
536
394
602
507
195
540
826
677
345
204
873
498
892
800
673
463
754
11
219
903
934
515
465
107
515
189
366
846
174
855
326
124
784
298
503
670
818
912
124
84
346
940
567
934
458
392
713
133
309
860
51
281
265
127
536
567
257
457
685
165
373
518
470
666
837
59
278
106
156
789
209
617
42
50
802
205
292
440
432
735
926
98
158
298
917
264
92
952
792
709
256
1
302
772
561
47
939
22
235
693
880
394
827
528
80
725
286
295
316
481
493
78
169
1
164
429
71
721
613
921
72
282
910
509
96
470
788
203
617
512
235
886
411
529
392
577
746
381
511
667
334
824
499
484
660
146
20
387
423
546
521
55
57
799
483
505
215
497
49
401
903
794
276
547
452
19
547
769
654
526
202
624
714
514
799
770
337
792
798
256
827
502
99
821
693
181
177
772
890
353
795
854
142
384
499
94
725
938
201
630
453
383
206
14
544
56
196
203
567
870
525
488
936
263
104
372
300
90
507
791
183
379
53
110
519
90
379
656
595
845
298
238
814
158
515
886
893
752
910
592
824
710
453
139
486
154
22
596
652
156
715
70
39
538
531
622
295
237
363
914
667
207
790
556
436
766
347
301
354
662
12
202
425
551
244
18
791
936
19
741
498
159
772
65
801
430
740
196
699
777
572
410
598
387
33
942
211
472
379
683
109
753
762
708
939
89
372
432
63
80
604
941
139
522
103
875
696
543
347
45
591
494
323
267
343
744
145
905
425
312
814
942
736
25
779
509
742
597
680
662
734
568
744
32
693
568
463
308
44
772
578
472
521
818
856
59
811
298
99
786
720
464
809
267
249
820
711
543
714
586
116
186
526
147
904
260
5
233
786
758
443
437
658
96
735
647
570
676
830
267
33
847
431
917
234
912
647
643
202
790
142
617
525
233
329
757
495
589
174
57
790
572
543
608
779
541
162
799
911
699
819
892
119
222
778
284
1
692
232
227
686
408
642
794
48
589
443
253
403
936
602
524
382
930
205
501
747
493
206
379
814
875
39
175
662
590
697
346
750
168
517
816
274
757
330
496
870
412
55
242
407
671
614
927
813
561
893
137
152
561
735
820
722
869
756
655
510
235
721
112
768
459
314
390
557
74
119
77
466
855
527
182
449
325
84
570
398
176
468
367
936
435
286
900
893
235
124
359
900
835
308
194
311
680
474
885
506
235
266
736
411
179
202
28
673
61
755
794
214
87
551
685
805
316
301
542
375
258
336
859
780
589
290
804
439
13
681
147
671
317
315
404
238
566
572
308
431
579
689
268
310
81
23
940
98
99
367
723
781
160
167
304
616
723
730
953
678
463
753
422
344
806
898
770
320
380
908
381
22
26
564
822
640
541
534
105
397
856
300
132
391
539
761
556
811
649
523
486
334
230
935
240
827
260
501
265
886
619
146
394
411
709
940
635
583
583
710
117
713
586
832
644
803
764
186
194
485
300
665
257
119
42
560
814
161
66
354
19
688
801
1
697
935
782
76
327
43
733
487
48
350
871
46
531
489
209
104
670
879
874
565
493
596
282
252
632
661
480
499
717
189
57
369
800
266
442
708
477
576
745
101
736
671
187
509
134
552
446
278
554
666
312
140
945
460
583
30
879
252
933
223
20
667
460
580
834
883
894
169
241
759
94
636
207
9
7
461
76
214
666
297
359
733
888
293
536
246
13
655
754
913
549
109
829
777
906
573
206
44
370
422
739
381
87
21
630
514
39
855
316
233
885
171
681
243
389
578
185
732
111
151
903
751
637
948
402
576
145
627
795
361
685
924
736
810
645
577
606
499
773
567
81
870
589
177
827
222
730
152
535
161
545
723
77
125
674
480
903
304
646
301
633
101
738
468
835
113
735
204
6
839
519
592
201
526
862
694
495
293
864
843
741
165
111
574
420
649
262
173
412
876
780
441
401
556
72
440
812
16
726
300
702
618
145
581
836
620
646
873
777
875
505
769
733
404
934
809
957
518
154
211
456
339
458
429
482
958
487
608
957
352
431
230
84
874
101
946
359
762
77
950
49
374
149
548
586
104
167
163
442
741
334
644
945
448
777
637
539
80
36
579
833
446
695
205
486
149
910
75
199
201
565
561
937
397
578
313
791
455
898
764
294
584
245
890
298
501
185
622
936
809
395
825
901
744
678
935
643
782
753
432
416
102
295
102
528
182
653
828
267
489
303
27
533
501
520
384
625
763
618
512
625
614
158
78
53
766
78
853
934
525
341
405
625
921
384
257
43
242
383
273
791
724
237
298
341
371
773
844
958
294
438
857
960
748
659
146
50
186
860
411
296
526
959
823
58
911
406
297
814
328
798
56
702
146
165
178
386
452
186
533
589
568
825
821
900
28
667
357
453
29
879
696
97
595
816
178
894
822
712
904
243
741
797
775
823
858
648
382
190
292
271
186
326
741
874
748
600
575
910
101
100
675
697
386
786
808
239
921
816
642
577
641
823
686
464
305
411
662
953
430
903
519
408
673
322
276
787
420
636
243
680
657
363
865
916
373
590
874
129
273
285
267
789
63
774
570
379
393
854
749
724
779
521
192
936
909
950
605
883
194
127
67
916
427
444
925
162
509
844
21
133
24
921
418
127
210
306
888
386
360
581
98
463
561
755
230
688
335
231
926
479
43
101
319
957
50
693
186
133
264
776
827
505
97
539
48
489
698
62
512
228
679
221
659
880
899
795
281
453
486
602
263
285
361
543
594
324
915
886
123
787
64
870
151
853
172
299
307
279
142
85
824
452
324
625
172
741
416
332
519
201
266
907
25
251
863
304
272
500
156
403
157
424
959
943
12
611
775
241
685
318
641
376
862
903
941
296
203
416
889
555
532
783
166
608
874
394
721
138
624
73
141
11
515
542
570
924
121
657
823
432
212
723
427
248
706
488
514
805
455
737
260
577
309
178
140
887
365
284
157
770
687
684
855
325
627
100
505
463
660
187
649
553
767
778
948
239
446
651
206
946
79
896
74
238
382
585
592
896
478
553
312
685
147
956
15
109
72
495
533
431
508
842
858
488
106
190
123
81
107
393
842
879
237
608
328
65
813
795
743
399
431
324
56
372
731
754
298
873
494
417
16
508
739
275
467
112
879
461
678
528
377
744
665
658
6
198
614
406
622
921
283
132
903
649
574
476
906
901
156
402
133
662
450
426
424
943
914
927
604
450
366
331
102
419
648
332
260
515
577
607
524
944
799
290
64
590
255
55
563
413
377
823
258
646
242
462
737
669
633
638
235
474
183
581
239
19
410
128
486
942
370
782
264
244
847
605
353
130
579
261
704
223
650
423
345
848
209
134
710
457
716
446
121
531
449
646
360
733
810
210
121
830
48
367
875
72
855
170
334
460
125
885
392
498
264
861
369
573
951
955
108
547
19
96
488
433
338
263
716
618
383
363
373
725
838
298
494
538
418
860
500
439
359
73
344
170
88
63
378
100
737
677
577
451
817
610
509
671
690
35
707
826
144
411
230
62
78
278
501
420
56
98
620
293
358
7
253
706
596
294
653
624
237
473
157
495
273
946
182
208
905
598
51
599
870
716
446
306
476
125
450
160
208
840
842
873
566
77
562
821
841
249
333
618
959
3
898
369
782
325
451
214
433
581
902
448
219
652
529
16
837
116
720
747
710
944
923
459
895
294
657
328
14
843
759
9
138
849
573
349
183
461
13
212
438
178
818
177
445
527
777
947
136
822
354
625
214
905
669
36
893
104
912
656
812
658
79
598
944
495
321
206
142
934
349
294
488
191
438
377
28
712
345
209
222
411
641
181
616
808
914
895
53
938
166
58
25
885
810
671
863
132
185
730
777
440
343
410
852
482
735
815
265
844
114
605
331
427
226
724
511
898
746
222
97
511
206
490
758
951
196
439
173
631
202
925
56
683
489
724
843
235
451
888
420
171
568
732
172
500
670
638
337
628
522
45
685
950
874
281
74
668
817
825
727
400
943
862
231
887
252
182
286
512
383
388
474
825
424
765
586
96
459
2
238
478
900
327
321
289
546
44
142
132
355
768
140
61
111
945
450
712
538
243
108
195
168
350
371
516
593
417
95
368
603
649
294
238
462
244
811
728
42
944
206
199
757
325
162
535
54
651
551
932
585
94
620
761
828
638
816
853
305
635
401
609
162
566
274
537
731
108
526
709
605
186
720
856
677
576
23
551
346
108
75
804
634
429
785
66
767
122
433
205
718
490
414
515
558
106
368
257
415
419
855
209
801
108
188
201
928
838
132
800
548
209
647
464
527
715
854
219
531
391
209
230
564
327
10
207
755
142
270
105
262
394
357
247
543
302
621
614
157
82
373
858
871
255
32
415
492
919
747
114
64
384
227
870
53
745
774
34
734
389
584
954
951
659
841
406
555
381
382
741
926
740
678
779
98
223
93
207
64
209
533
701
919
34
952
292
116
386
553
14
601
123
779
40
566
676
586
293
154
676
231
43
273
673
287
567
789
526
313
799
853
200
46
535
500
613
440
218
658
132
480
645
340
555
398
511
906
880
935
721
586
351
519
917
355
938
831
614
107
636
694
450
861
233
340
370
427
653
943
946
799
450
157
858
819
510
823
799
306
903
613
238
354
144
621
231
949
483
382
254
447
59
900
464
442
748
264
100
495
684
258
515
863
711
213
144
587
669
331
787
28
467
661
225
214
832
912
558
504
916
217
110
613
354
724
183
163
846
931
523
40
574
799
939
662
317
672
923
571
646
930
54
528
671
509
2
474
643
340
908
416
86
622
20
211
225
551
283
150
210
382
653
445
514
198
257
827
799
198
858
124
484
47
186
144
603
78
874
479
230
854
701
498
696
348
472
780
345
228
842
282
78
532
726
616
911
485
274
320
474
717
106
778
626
387
819
928
415
155
160
849
39
226
371
815
558
452
233
184
346
290
894
624
678
27
547
307
89
566
903
548
549
813
796
1
624
861
733
359
891
148
684
872
844
99
125
235
323
665
121
478
667
824
268
818
643
349
45
786
442
253
609
875
197
41
48
624
77
715
554
311
625
415
82
958
943
48
847
946
212
702
951
841
45
447
628
577
38
201
895
166
896
475
539
509
453
490
119
634
891
362
517
185
607
556
254
473
726
42
589
119
845
613
45
601
266
901
928
711
191
790
674
274
935
547
550
557
458
198
210
871
24
735
637
866
554
411
50
69
947
310
66
676
76
305
81
518
829
492
518
512
756
423
803
663
813
900
908
359
341
786
237
379
416
196
337
933
292
189
80
866
705
71
741
795
87
876
411
747
148
369
204
824
589
719
111
8
143
181
729
914
821
218
506
853
164
76
703
605
362
623
540
289
39
128
15
247
63
566
129
323
117
125
383
429
762
247
14
714
626
91
697
198
447
598
338
218
703
306
71
787
281
723
777
222
808
256
317
888
234
902
557
297
515
447
3
796
453
114
69
528
222
773
918
316
771
820
569
507
959
731
804
260
872
765
484
622
414
842
411
634
97
218
802
605
737
778
884
123
625
796
597
840
880
348
770
860
721
516
803
900
433
597
733
38
771
818
42
645
740
245
907
742
310
606
642
675
656
305
818
176
845
486
104
859
463
672
65
528
694
203
638
121
562
398
823
676
785
426
677
48
338
626
909
674
432
284
558
788
123
370
828
158
466
115
954
914
23
184
887
509
615
529
826
881
182
15
478
188
798
703
909
24
427
915
690
705
293
955
162
531
937
145
507
894
33
535
556
865
852
209
9
211
571
928
522
923
786
649
117
948
377
519
692
346
541
811
599
794
352
684
510
535
413
897
585
403
808
236
701
439
334
469
404
275
471
175
443
424
638
252
578
720
50
825
284
544
935
485
839
441
687
662
150
71
226
873
921
292
723
769
954
46
673
580
533
144
914
5
738
640
693
762
209
735
327
626
623
177
903
571
659
165
599
54
808
166
514
922
795
668
877
805
473
799
271
481
14
175
476
425
445
540
907
7
935
550
57
14
26
131
38
368
773
168
500
771
877
884
656
853
724
912
186
309
121
250
166
690
593
600
363
159
251
214
545
139
855
519
425
598
802
957
463
876
628
145
940
722
473
845
611
504
651
185
75
629
358
795
702
126
478
662
51
79
763
128
259
405
454
477
699
597
615
820
881
508
278
411
402
572
439
654
858
619
135
797
857
36
560
397
195
835
260
474
245
395
611
637
358
2
173
663
814
590
137
762
319
725
947
114
760
135
784
725
437
464
868
520
457
672
780
33
654
628
548
770
569
252
712
888
483
822
184
518
722
752
335
248
899
789
18
140
840
870
693
722
822
452
40
616
802
104
477
126
355
169
718
295
793
573
437
802
832
818
175
253
650
792
183
799
315
206
425
915
259
765
768
46
1
733
394
282
733
432
737
722
580
240
623
370
368
40
8
516
158
904
757
935
555
638
261
754
847
908
623
468
880
134
452
8
619
292
141
559
674
315
171
884
202
688
224
948
876
663
121
951
520
941
105
540
256
921
435
258
776
415
733
118
717
546
313
26
96
871
772
915
58
134
199
621
142
629
106
437
54
664
142
613
537
156
237
677
645
262
494
849
821
35
241
356
558
471
423
653
368
897
119
926
820
528
137
203
427
593
845
578
479
955
174
765
287
441
909
545
280
714
193
679
885
21
259
826
336
818
621
294
519
634
80
97
735
791
445
50
135
625
557
215
93
33
624
956
659
305
385
264
635
291
269
390
651
543
260
791
311
132
444
80
775
262
661
529
407
174
827
909
598
724
791
901
57
213
744
619
27
478
394
162
265
214
322
917
452
497
956
600
799
46
760
422
407
12
886
620
491
795
91
628
212
219
847
25
121
215
168
926
372
701
470
751
437
406
54
922
496
385
584
133
220
739
273
674
341
449
394
736
498
140
935
130
518
540
702
568
644
17
31
335
298
563
175
95
641
179
856
520
163
495
322
298
262
310
389
278
536
160
135
267
723
450
871
673
244
449
557
144
938
579
150
38
702
257
293
902
233
74
465
879
115
532
736
327
256
723
667
790
823
527
277
353
645
841
381
283
393
692
255
148
203
199
635
656
870
133
696
34
104
726
592
255
219
233
845
925
451
843
144
378
938
453
623
7
32
224
112
286
171
299
337
2
201
930
765
134
64
442
31
562
613
60
405
587
486
239
15
670
404
496
917
692
237
564
644
306
461
785
17
457
127
787
182
917
182
91
816
45
632
367
847
134
249
296
629
407
160
166
132
334
784
363
237
793
830
334
444
39
77
508
753
292
291
29
15
402
252
739
816
733
184
19
485
435
150
130
292
44
690
339
571
391
750
829
83
83
580
280
173
889
331
621
5
282
919
75
906
824
487
927
220
55
819
574
390
216
781
585
924
20
846
77
232
583
205
80
455
638
108
302
69
760
908
46
166
103
405
76
583
931
953
156
265
128
254
702
792
45
696
183
7
807
277
355
893
664
443
167
952
69
325
758
126
754
128
853
457
740
874
89
352
704
899
717
957
167
339
547
19
945
604
207
680
178
235
924
376
208
773
42
227
690
663
80
484
457
408
347
220
178
57
325
507
27
604
212
735
74
762
72
2
432
49
681
125
527
659
331
468
267
605
443
354
907
61
721
556
402
92
201
815
593
101
433
820
709
87
172
278
708
472
403
517
119
748
51
207
883
596
3
696
607
133
189
91
266
633
216
362
340
250
915
643
37
823
540
759
25
184
920
396
703
396
158
170
944
748
662
446
343
362
149
294
479
925
881
696
86
807
776
212
739
51
944
670
764
766
171
507
799
497
486
222
332
614
116
31
376
831
557
274
134
26
682
865
933
197
84
39
613
225
928
577
725
467
551
503
55
663
205
332
225
132
500
907
573
834
758
266
557
333
87
804
276
714
357
581
390
633
807
235
340
13
197
641
530
279
253
106
241
61
643
191
627
346
699
557
275
852
734
335
26
860
459
187
400
102
582
580
745
238
700
642
337
48
7
882
67
856
112
583
208
459
519
18
882
392
64
669
68
883
741
160
660
140
179
66
861
919
11
477
790
629
728
601
623
410
576
856
327
773
520
689
853
692
392
927
755
159
96
543
496
286
949
289
366
898
211
648
318
758
276
552
95
935
84
639
410
892
346
8
702
633
308
512
629
377
748
300
324
733
824
246
702
573
383
580
550
356
905
853
722
784
507
798
675
186
240
923
389
836
83
137
844
421
143
657
102
218
887
905
863
267
689
620
747
579
393
198
606
553
952
753
624
233
161
528
710
272
252
930
152
773
377
477
589
383
392
190
817
153
3
501
491
258
811
756
149
325
907
749
235
575
140
292
288
723
695
874
522
33
441
317
649
281
121
297
448
342
511
701
189
21
324
759
189
865
140
794
323
915
842
952
375
300
577
351
847
525
790
723
396
381
170
753
711
252
23
895
42
53
6
61
253
602
902
954
201
325
550
827
36
494
694
919
277
730
585
697
754
302
200
958
728
598
205
215
608
544
396
662
384
93
201
269
11
325
931
710
759
18
670
746
652
721
369
298
36
728
34
708
394
589
936
24
769
428
882
136
96
883
412
637
243
468
756
172
808
845
297
380
544
410
635
120
453
403
502
952
100
65
850
722
690
905
780
820
559
892
149
249
575
175
684
721
952
21
327
280
778
456
906
312
384
507
91
337
782
370
15
609
95
315
335
16
174
652
722
48
598
797
477
654
918
722
146
861
946
153
875
938
833
156
146
74
257
525
433
938
486
752
850
195
682
549
291
283
412
757
362
329
34
930
377
195
230
577
621
37
874
450
611
598
916
275
846
575
380
814
722
280
764
695
802
849
426
847
199
172
472
951
124
747
602
581
168
134
735
388
538
252
287
175
357
35
542
799
791
37
593
293
285
126
281
201
321
120
763
547
884
746
914
294
648
634
163
807
379
693
600
599
186
278
452
304
270
291
344
97
903
16
428
605
363
147
189
229
720
286
280
139
30
104
770
551
192
342
556
494
958
494
470
96
221
286
513
819
20
231
658
45
868
312
745
514
525
882
354
734
717
161
419
571
591
728
759
683
429
92
263
549
114
678
191
310
558
655
119
610
417
654
330
571
550
666
459
759
609
49
491
41
656
731
14
777
784
758
137
388
187
389
530
436
766
846
183
615
673
276
892
904
46
586
942
863
459
687
909
446
783
475
48
827
882
834
256
167
371
672
394
210
324
666
525
144
630
197
833
186
465
533
101
565
740
587
90
515
111
41
717
275
819
204
201
392
801
283
928
888
721
109
493
540
715
463
837
916
51
170
853
313
712
279
300
213
87
91
772
329
80
832
476
141
480
761
234
28
916
726
812
848
138
495
673
225
50
932
650
669
584
781
85
441
251
866
719
850
532
149
441
251
817
39
276
432
525
865
572
741
40
580
78
57
27
703
495
368
906
252
201
146
516
739
904
936
154
306
492
355
928
113
121
162
873
96
81
784
118
82
676
371
564
444
199
389
237
914
94
845
159
546
662
598
817
587
137
915
863
689
848
273
559
406
722
285
560
486
34
810
798
630
250
677
57
331
765
322
226
4
805
405
209
17
928
415
327
252
8
933
758
70
294
576
820
920
254
187
437
392
729
946
304
573
246
105
565
263
479
746
259
900
103
643
322
333
111
445
348
186
421
659
412
3
110
531
66
337
359
827
840
363
868
108
797
548
764
3
556
237
275
880
623
916
135
616
339
467
163
693
264
838
492
390
247
705
770
938
832
64
505
571
63
561
197
355
562
352
505
226
217
951
566
12
310
143
649
853
388
753
344
892
576
680
214
105
481
383
36
435
418
579
555
355
584
250
454
480
772
226
65
64
777
8
48
317
849
394
822
943
41
675
546
50
914
384
222
820
466
59
301
627
844
818
738
777
791
213
763
881
761
767
889
954
89
673
412
248
431
78
171
480
86
249
54
137
747
608
347
713
312
525
857
342
226
220
850
336
920
439
421
507
261
546
360
852
207
252
840
12
641
600
528
670
464
531
542
97
286
655
818
388
188
786
638
327
409
352
95
37
936
144
20
395
23
611
839
780
127
359
436
236
191
675
391
492
429
74
588
525
553
153
583
649
672
163
286
299
521
824
476
216
856
112
626
331
304
811
115
465
696
235
297
565
876
73
778
594
89
609
83
207
929
458
566
699
183
105
248
170
353
696
309
401
771
500
38
155
65
356
1
52
523
700
874
13
332
761
275
957
188
225
591
571
635
841
551
64
106
199
829
952
801
165
516
605
490
86
167
533
223
446
723
60
209
629
859
301
781
787
239
173
594
935
804
39
915
511
592
882
128
139
163
344
745
894
219
166
150
239
270
106
167
769
110
235
729
118
476
133
191
735
288
212
272
592
547
376
78
301
852
805
455
717
856
154
331
95
541
429
582
418
93
557
411
752
73
342
600
369
651
23
679
835
832
747
430
624
883
255
774
825
412
915
500
615
438
378
152
554
348
412
7
555
302
943
181
184
62
710
393
66
810
562
169
922
851
40
222
383
662
578
89
226
455
249
882
11
677
285
330
876
487
800
258
893
872
475
545
165
476
240
920
445
825
810
92
724
924
63
611
937
311
130
824
257
534
170
41
357
714
629
867
892
267
14
621
394
27
171
596
624
325
885
68
305
798
260
119
235
287
797
492
406
420
70
91
469
321
381
253
594
549
333
771
440
150
576
722
624
195
99
722
667
85
493
550
561
219
267
876
871
808
259
321
64
536
767
137
309
898
525
322
931
288
593
815
746
300
141
113
511
788
803
596
858
790
819
715
65
891
669
73
931
247
323
575
62
530
870
90
127
674
359
486
627
866
429
794
662
958
730
811
392
787
812
95
40
612
7
538
535
352
419
191
208
614
456
548
168
234
258
897
608
874
227
933
507
368
498
240
366
718
712
473
311
5
955
183
505
419
570
499
724
454
442
181
59
552
218
292
578
153
673
489
836
416
548
661
177
685
328
417
779
793
932
82
403
925
189
116
260
832
648
538
692
886
163
144
891
485
904
842
55
336
154
708
662
27
709
75
303
205
575
475
245
96
529
466
282
282
175
724
308
310
83
50
432
109
350
940
295
30
491
139
136
715
371
355
761
31
534
153
646
881
599
217
765
387
728
168
32
370
369
570
434
203
591
11
313
958
452
211
11
581
329
640
826
120
833
902
188
44
534
227
81
689
218
466
418
614
274
781
34
264
810
124
379
501
666
692
625
351
418
863
212
671
771
211
760
387
29
568
11
833
266
143
412
54
312
45
517
670
581
652
862
278
285
568
719
463
636
862
432
779
875
334
291
294
1
7
147
557
724
253
163
393
940
580
924
83
583
90
241
568
185
104
477
719
344
153
171
782
715
189
166
786
742
659
668
359
123
178
816
453
65
507
603
370
299
860
731
816
126
715
405
813
237
599
895
589
643
452
248
211
621
488
174
853
540
529
343
375
140
648
535
287
192
426
838
254
711
34
196
230
717
33
77
297
910
625
623
315
810
8
729
352
612
36
445
648
542
206
705
504
655
600
169
508
425
662
702
750
225
421
571
41
519
256
727
776
842
809
857
5
551
580
454
767
470
595
912
263
2
644
332
25
113
844
671
521
221
49
225
272
311
858
91
83
833
954
553
928
591
396
234
818
809
794
477
676
125
496
631
528
181
793
148
307
770
772
168
902
508
935
903
408
677
885
744
25
120
935
737
188
142
171
331
76
873
598
210
153
465
144
866
11
640
596
579
276
867
676
715
825
878
901
489
718
349
449
475
688
728
497
431
878
170
98
564
339
327
706
385
498
272
887
823
521
863
393
877
736
761
702
431
867
259
542
524
795
46
701
517
155
515
316
71
410
771
817
531
554
738
153
282
593
700
437
575
